 

%{
 Number of runs averaged: 2 
 Seed: 2
 Sides: 20
 Iterations: 5
 Particles: 100000000
%}

test_7 = [
[  1 		 91.855      88.550 	 3.305 	 0]; ...
[  2 		 50.290 	 90.155 	 2.985 	 184]; ...
[  3 		 36.625 	 91.590 	 3.210 	 258]; ...
[  4 		 29.680 	 93.985 	 2.900 	 326]; ...
[  5 		 25.725 	 99.215 	 3.115 	 398]; ...
[  6 		 24.195 	 103.355 	 3.040 	 439]; ...
[  7 		 23.430 	 111.760 	 2.945 	 489]; ...
[  8 		 22.245 	 120.585 	 2.985 	 555]; ...
[  9 		 21.100 	 126.435 	 3.105 	 614]; ...
[ 10 		 20.200 	 131.980 	 3.040 	 668]; ...
[ 11 		 19.560 	 138.800 	 2.865 	 724]; ...
[ 12 		 19.030 	 144.545 	 2.800 	 774]; ...
];