%{
 Number of runs averaged: 100 
 Seed: 4
 Sides: 20
 Iterations: 5
 Particles: 100000
%}

test_5 = [
[   1        0.09005      0.088      0.003     95]; ...
[   2        0.04554      0.091      0.003    175]; ...
[   3        0.03181      0.096      0.003    241]; ...
[   4        0.02604      0.105      0.003    305]; ...
[   5        0.02213      0.108      0.003    357]; ...
[   6        0.02223      0.129      0.006    419]; ...
[   7        0.02048      0.148      0.004    498]; ...
[   8        0.01822      0.145      0.004    521]; ...
[   9        0.01644      0.151      0.005    589]; ...
[  10        0.01501      0.154      0.005    643]; ...
[  11        0.01472      0.165      0.005    684]; ...
[  12        0.01785      0.201      0.004    725]; ...
];