%{
 Number of runs averaged: 60 
 Seed: 1
 Sides: 3
 Iterations: 20
 Particles: 1000000
%}

test_1 = [...
[  1 		 3.603 	 3.566 	 0.026 	 99]; ...
[  2 		 1.878 	 3.650 	 0.026 	 195]; ...
[  3 		 1.325 	 3.791 	 0.027 	 287]; ...
[  4 		 1.078 	 4.042 	 0.031 	 376]; ...
[  5 		 0.949 	 4.378 	 0.028 	 463]; ...
[  6 		 0.900 	 4.959 	 0.034 	 553]; ...
[  7 		 0.851 	 5.470 	 0.031 	 644]; ...
[  8 		 0.764 	 5.594 	 0.030 	 732]; ...
[  9 		 0.693 	 5.668 	 0.026 	 817]; ...
[ 10 		 0.641 	 5.736 	 0.034 	 895]; ...
[ 11 		 0.599 	 5.859 	 0.030 	 977]; ...
[ 12 		 0.609 	 6.455 	 0.030 	 1057]; ...
];


