%{
 Number of runs averaged: 60 
 Seed: 1
 Sides: 10
 Iterations: 10
 Particles: 2000000
%}

test_2 = [
[  1 		 3.581 	 3.516 	 0.057 	 99]; ...
[  2 		 1.901 	 3.597 	 0.057 	 192]; ...
[  3 		 1.359 	 3.729 	 0.057 	 278]; ...
[  4 		 1.116 	 3.944 	 0.057 	 357]; ...
[  5 		 0.988 	 4.211 	 0.061 	 431]; ...
[  6 		 0.932 	 4.653 	 0.058 	 503]; ...
[  7 		 0.890 	 5.106 	 0.058 	 578]; ...
[  8 		 0.817 	 5.353 	 0.059 	 660]; ...
[  9 		 0.751 	 5.516 	 0.057 	 739]; ...
[ 10 		 0.698 	 5.631 	 0.062 	 812]; ...
[ 11 		 0.656 	 5.751 	 0.054 	 880]; ...
[ 12 		 0.658 	 6.265 	 0.058 	 956]; ...
];